-1  65   0    64  73  0 0 64
32  383  370  10  73  0 0 10
33  414  370  9   73  0 0 9 
34  322  370  15  73  0 0 15
35  252  0    52  73  0 0 52
36  441  222  32  73  0 0 32
37  0    0    64  73  0 0 64
38  194  0    57  73  0 0 57
39  444  370  8   73  0 0 8 
40  290  370  15  73  0 0 15
41  306  370  15  73  0 0 15
42  354  370  14  73  0 0 14
43  492  74   37  73  0 0 37
44  434  370  9   73  0 0 9 
45  27   370  26  73  0 0 26
46  394  370  9   73  0 0 9 
47  125  148  39  73  0 0 39
48  208  222  33  73  0 0 33
49  509  0    20  73  0 0 20
50  35   222  34  73  0 0 34
51  357  148  35  73  0 0 35
52  0    222  34  73  0 0 34
53  174  222  33  73  0 0 33
54  429  148  35  73  0 0 35
55  0    296  32  73  0 0 32
56  309  222  32  73  0 0 32
57  105  222  34  73  0 0 34
58  424  370  9   73  0 0 9 
59  404  370  9   73  0 0 9 
60  319  148  37  73  0 0 37
61  281  148  37  73  0 0 37
62  243  148  37  73  0 0 37
63  497  296  27  73  0 0 27
64  305  0    52  73  0 0 52
65  0    74   47  73  0 0 47
66  84   148  40  73  0 0 40
67  317  74   43  73  0 0 43
68  273  74   43  73  0 0 43
69  465  148  34  73  0 0 34
70  500  148  29  73  0 0 29
71  184  74   44  73  0 0 44
72  139  74   44  73  0 0 44
73  237  370  17  73  0 0 17
74  0    370  26  73  0 0 26
75  42   148  41  73  0 0 41
76  242  222  33  73  0 0 33
77  409  0    49  73  0 0 49
78  361  74   43  73  0 0 43
79  459  0    49  73  0 0 49
80  162  296  31  73  0 0 31
81  358  0    50  73  0 0 50
82  165  148  38  73  0 0 38
83  380  296  29  73  0 0 29
84  350  296  29  73  0 0 29
85  229  74   43  73  0 0 43
86  48   74   45  73  0 0 45
87  130  0    63  73  0 0 63
88  0    148  41  73  0 0 41
89  449  74   42  73  0 0 42
90  70   222  34  73  0 0 34
91  101  370  19  73  0 0 19
92  204  148  38  73  0 0 38
93  121  370  19  73  0 0 19
94  258  296  30  73  0 0 30
95  140  222  33  73  0 0 33
96  276  222  32  73  0 0 32
97  320  296  29  73  0 0 29
98  226  296  31  73  0 0 31
99  54   370  26  73  0 0 26
100 342  222  32  73  0 0 32
101 439  296  28  73  0 0 28
102 255  370  17  73  0 0 17
103 66   296  31  73  0 0 31
104 375  222  32  73  0 0 32
105 273  370  16  73  0 0 16
106 338  370  15  73  0 0 15
107 408  222  32  73  0 0 32
108 219  370  17  73  0 0 17
109 94   74   44  73  0 0 44
110 289  296  30  73  0 0 30
111 410  296  28  73  0 0 28
112 474  222  32  73  0 0 32
113 33   296  32  73  0 0 32
114 507  222  20  73  0 0 20
115 81   370  19  73  0 0 19
116 141  370  19  73  0 0 19
117 98   296  31  73  0 0 31
118 130  296  31  73  0 0 31
119 405  74   43  73  0 0 43
120 468  296  28  73  0 0 28
121 194  296  31  73  0 0 31
122 161  370  19  73  0 0 19
123 181  370  18  73  0 0 18
124 369  370  13  73  0 0 13
125 200  370  18  73  0 0 18
126 393  148  35  73  0 0 35